10 10
13 13
91 91
90 90
81 81
54 54
84 84
104 104
52 52
135 135
109 109
143 143
43 43
21 21
18 18
58 58
98 98
36 36
110 110
130 130
59 59
89 89
103 103
3 3
49 49
33 33
57 57
32 32
127 127
11 11
137 137
56 56
132 132
129 129
145 145
46 46
60 60
121 121
28 28
74 74
146 146
37 37
68 68
77 77
71 71
22 22
117 117
94 94
107 107
30 30
150 150
78 78
65 65
12 12
7 7
116 116
5 5
115 115
112 112
108 108
38 38
8 8
96 96
97 97
92 92
40 40
133 133
47 47
29 29
128 128
124 124
27 27
34 34
63 63
144 144
39 39
93 93
95 95
73 73
31 31
66 66
113 113
139 139
41 41
136 136
106 106
0 0
134 134
14 14
114 114
147 147
148 148
101 101
123 123
120 120
20 20
140 140
26 26
23 23
72 72