20 20
162 162
60 60
105 105
48 48
191 191
146 146
58 58
126 126
43 43
155 155
129 129
167 167
180 180
52 52
57 57
21 21
51 51
18 18
149 149
109 109
33 33
98 98
94 94
22 22
117 117
177 177
78 78
35 35
44 44
106 106
171 171
125 125
127 127
152 152
181 181
143 143
38 38
29 29
108 108
115 115
103 103
170 170
116 116
15 15
182 182
186 186
73 73
104 104
64 64
0 0
56 56
120 120
166 166
10 10
97 97
193 193
53 53
141 141
46 46
145 145
172 172
55 55
93 93
176 176
3 3
122 122
17 17
2 2
34 34
112 112
80 80
121 121
69 69
47 47
81 81
196 196
26 26
90 90
113 113
71 71
39 39
12 12
179 179
16 16
36 36
19 19
144 144
67 67
175 175
59 59
70 70
85 85
92 92
140 140
45 45
31 31
83 83
138 138
164 164
77 77
133 133
184 184
89 89
96 96
165 165
62 62
74 74
30 30
13 13
110 110
124 124
23 23
156 156
99 99
157 157
14 14
153 153
198 198
148 148
173 173
102 102
135 135
188 188
174 174
68 68
154 154
40 40
61 61
195 195
84 84
11 11
132 132
151 151
161 161
190 190
95 95
150 150
54 54
168 168
25 25
42 42
65 65
28 28
139 139
123 123
118 118
41 41
187 187
160 160